Generation,num_target,num_obs,num_robotstop,dist2obj_target,dist_target,ener_target,dist2obj_obs,dist_obs,ener_obs,dist2obj_null,dist_null,ener_null,best_loss,global_loss
1,0,23,0,0.0,0.0,0.0,424.639,225.35895,112.35973,1551.0988,1381.3081,686.9902,2.531193E-4,9.7782686E-5
2,0,47,0,0.0,0.0,0.0,390.085,140.91434,70.37166,1548.6909,1384.5559,689.3701,2.520051E-4,1.30609E-4
3,0,32,0,0.0,0.0,0.0,569.7714,316.30383,157.62683,1377.9158,1385.453,689.6179,5.846805E-4,1.1391496E-4
4,0,58,0,0.0,0.0,0.0,411.3018,81.06017,40.325073,1390.735,1371.4332,679.75226,3.4584125E-4,1.4553792E-4
5,0,12,0,0.0,0.0,0.0,612.48975,336.69492,168.10326,1802.3075,1395.2251,696.61285,2.113595E-4,7.3541676E-5
6,0,25,0,0.0,0.0,0.0,567.8126,261.4833,130.53789,1687.3197,1385.5938,689.92426,3.0976103E-4,8.942534E-5
7,0,21,0,0.0,0.0,0.0,607.62415,369.91376,184.51169,1600.9885,1394.3328,696.00287,2.6373772E-4,9.073318E-5
8,0,14,0,0.0,0.0,0.0,452.88907,308.71686,154.17574,1441.4924,1388.9694,692.45465,2.6518386E-4,9.2637936E-5
9,0,51,0,0.0,0.0,0.0,312.48264,150.84164,75.175705,1363.5769,1393.6384,695.63226,2.8172822E-4,1.581526E-4
10,0,26,0,0.0,0.0,0.0,544.97,265.16736,132.45584,1581.4912,1387.481,691.28284,2.3383787E-4,9.649024E-5
11,0,39,0,0.0,0.0,0.0,469.55225,154.84853,77.21617,1432.7109,1378.3752,684.4988,2.475054E-4,1.1615452E-4
12,0,55,0,0.0,0.0,0.0,450.2878,244.73343,121.72787,1342.5139,1371.6233,680.37054,4.014516E-4,1.3990278E-4
13,0,10,0,0.0,0.0,0.0,396.5086,129.0528,64.397804,1315.069,1372.624,680.4234,4.1860866E-4,9.990051E-5
14,0,62,0,0.0,0.0,0.0,384.1504,104.934715,52.377937,1312.949,1370.4291,679.41846,3.3053034E-4,1.5881144E-4
15,0,13,0,0.0,0.0,0.0,530.7726,348.21826,172.78201,1372.1946,1366.1029,675.7695,3.739247E-4,9.5886106E-5
16,0,28,0,0.0,0.0,0.0,465.7314,198.57512,96.0281,1373.3099,1374.6077,681.93097,3.343695E-4,1.10536304E-4
17,0,39,0,0.0,0.0,0.0,459.21854,144.5746,72.15996,1277.4463,1344.336,659.3652,3.5193295E-4,1.2591602E-4
18,0,36,0,0.0,0.0,0.0,573.5844,333.22968,166.35265,1295.2407,1339.0399,656.8791,9.988163E-4,1.2699384E-4
19,0,24,0,0.0,0.0,0.0,569.64716,477.3977,238.27907,1286.35,1340.4402,658.84924,0.001587808,1.3397432E-4
20,0,52,0,0.0,0.0,0.0,297.54977,124.24372,61.788765,1017.7937,1259.0314,598.1092,3.5298514E-4,1.8208419E-4
21,0,55,0,0.0,0.0,0.0,464.58624,113.04708,56.382072,1253.6366,1312.2444,638.92737,3.5172503E-4,1.3926197E-4
22,0,36,0,0.0,0.0,0.0,450.7774,490.06934,243.01988,1205.8429,1295.0203,624.2855,5.899366E-4,1.4921481E-4
23,1,38,0,0.991004,936.3966,467.97086,392.7911,482.38553,240.77452,872.20776,1327.4059,648.6039,0.0063882275,2.709682E-4
24,0,49,0,0.0,0.0,0.0,608.2968,290.93893,145.1815,1336.7739,1350.7668,664.6823,4.1246082E-4,1.1960563E-4
25,0,45,0,0.0,0.0,0.0,594.4471,297.0997,148.50026,1185.6631,1342.9803,659.6931,3.7095588E-4,1.2265804E-4
26,0,27,0,0.0,0.0,0.0,554.08215,436.4966,217.97092,1034.4374,1374.5898,682.05383,0.0014515514,1.6352098E-4
27,3,26,2,1.0610901,1118.6256,559.29486,400.56833,334.04767,166.71725,798.10144,1352.4592,666.9054,0.006580677,3.9455184E-4
28,0,23,0,0.0,0.0,0.0,505.5079,597.4675,298.1751,1182.0759,1278.8003,614.9085,0.004004791,1.5213575E-4
29,4,14,3,0.66287947,1013.6852,506.81592,402.25977,289.65726,144.35193,747.54236,1354.6664,667.3986,0.0068729147,5.7975156E-4
30,0,12,0,0.0,0.0,0.0,530.8875,265.4256,132.37952,798.6984,1273.3201,609.49146,6.18967E-4,1.581515E-4
31,0,26,0,0.0,0.0,0.0,467.75095,395.05554,197.09532,591.90735,1269.4966,609.2751,0.005630337,3.2166622E-4
32,0,56,0,0.0,0.0,0.0,609.38605,327.8355,163.88307,749.38184,1326.942,648.21906,5.3793675E-4,1.6323212E-4
33,0,32,0,0.0,0.0,0.0,503.47314,253.01811,126.08996,584.0476,1281.3416,615.9832,8.2840765E-4,2.3204123E-4
34,6,8,2,1.0773464,1093.254,546.50635,341.99905,411.05304,205.10747,574.4653,1313.56,638.75385,0.0067529217,6.9451163E-4
35,2,9,1,0.73468065,1168.4125,584.17017,487.35336,359.73505,179.72626,476.5031,1368.7089,677.60077,0.0065510673,5.826521E-4
36,3,6,1,0.7707265,1292.2557,646.09064,602.2893,427.5106,213.0567,611.4034,1380.42,686.22925,0.006672703,4.6786037E-4
37,3,11,0,0.6261899,1083.6666,541.8333,336.2484,559.37683,279.01385,371.17422,1316.893,641.9319,0.0068991333,6.9874286E-4
38,1,5,0,1.1923485,925.0,462.5,431.96973,588.3187,293.95346,405.03467,1383.0366,687.6948,0.006487833,5.2261277E-4
39,9,42,5,0.8604367,862.37317,429.94562,363.5993,171.60889,85.52492,260.1913,1221.0702,575.7915,0.006717479,0.0011426955
40,0,42,0,0.0,0.0,0.0,380.1981,285.45056,142.6496,257.26147,1243.4531,589.1417,0.0012828108,4.0865233E-4
41,1,1,1,0.34366608,1329.894,664.89966,452.57138,530.0,265.0,283.80197,1392.3759,694.3466,0.0068416772,6.032635E-4
42,19,11,8,0.94015735,1064.2122,529.5849,250.45367,976.1555,487.31622,174.00023,1295.0035,626.63574,0.006725575,0.0020434114
43,0,8,0,0.0,0.0,0.0,390.95383,478.4793,239.16644,197.08383,1326.0961,646.3703,0.0023474568,7.699682E-4
44,2,13,0,0.6599035,1213.5,606.75,363.67117,349.19553,174.48509,201.28258,1229.9497,581.142,0.006736304,6.83078E-4
45,13,5,2,1.0202781,1018.00964,507.81653,309.64722,778.04626,388.12958,166.41402,1285.0181,620.3852,0.0067689237,0.0019775562
46,0,1,0,0.0,0.0,0.0,470.49304,253.74959,126.78094,243.5826,1237.1196,584.06476,0.0017637026,5.1099417E-4
47,1,1,0,0.89929867,1365.4888,681.3906,459.72354,230.83173,115.34589,230.41927,1349.5016,661.9183,0.0063322093,5.7387364E-4
48,0,1,0,0.0,0.0,0.0,537.84827,465.0,232.5,379.94223,1397.639,698.1489,0.0014118919,4.072986E-4
49,36,15,9,0.8417488,893.9536,446.668,194.29095,1126.7279,562.9776,211.1075,1288.9135,622.36505,0.0068202303,0.0029440832
50,1,8,0,0.47975922,1302.0,651.0,654.832,298.34467,149.07242,179.27975,1369.4911,676.00085,0.0067744693,6.0386537E-4
51,61,2,16,0.9081296,937.7957,468.73663,398.13992,160.85352,80.364746,144.67397,1287.0801,621.6074,0.0068509914,0.0042973184
52,31,1,7,0.9809405,797.02344,397.34442,80.105064,709.95514,354.3153,217.27928,1122.5826,506.20364,0.006765948,0.0025988398
53,9,0,1,0.8943434,1223.7227,610.9071,0.0,0.0,0.0,154.18893,1379.5282,684.6999,0.0067818007,0.0015222856
54,0,0,0,0.0,0.0,0.0,0.0,0.0,0.0,314.96774,1309.2007,633.72296,5.6379783E-4,3.2933056E-4
55,0,6,0,0.0,0.0,0.0,439.1171,419.69473,209.83093,243.17786,1224.1508,577.38324,9.894697E-4,4.9142545E-4
56,0,3,0,0.0,0.0,0.0,339.1637,706.9278,352.8837,256.35352,1266.2172,602.5706,7.5695064E-4,3.9141948E-4
57,3,2,1,1.0536957,1220.6119,609.9149,531.7581,352.54358,175.77588,170.44269,1372.8348,679.29626,0.0063506053,0.001024883
58,0,0,0,0.0,0.0,0.0,0.0,0.0,0.0,526.4222,1398.6234,699.0157,0.0023439017,2.507315E-4
59,5,6,3,1.0190071,961.2189,478.06503,346.87003,267.51526,133.50424,166.61945,1248.0542,591.6689,0.0065695653,0.0013140007
60,0,0,0,0.0,0.0,0.0,0.0,0.0,0.0,234.15149,1387.389,690.42584,0.0025515934,4.83162E-4
61,19,0,3,0.73620576,1265.8804,632.88104,0.0,0.0,0.0,144.31267,1371.1422,679.1347,0.0068843705,0.0020780875
62,0,1,0,0.0,0.0,0.0,251.63416,872.4557,433.67352,191.17049,1157.2363,528.4717,0.0022739915,7.875997E-4
63,0,4,0,0.0,0.0,0.0,606.8506,257.70825,128.77823,185.40977,1341.101,657.23364,0.002768,6.1173463E-4
64,0,0,0,0.0,0.0,0.0,0.0,0.0,0.0,512.5005,1396.808,697.52814,0.0014281683,2.4035096E-4
65,2,7,0,0.7846532,956.0,478.0,520.47675,356.46707,178.12936,341.3482,1331.1432,649.8308,0.006651277,4.646513E-4
66,2,38,1,0.61508465,1025.9995,512.9995,375.01797,160.59073,80.17536,227.87302,1261.5286,603.3378,0.006798068,6.3701463E-4
67,0,8,0,0.0,0.0,0.0,336.8214,421.50552,208.39627,204.56293,1243.0526,587.31793,0.001572068,6.939338E-4
68,0,4,0,0.0,0.0,0.0,625.525,247.46397,123.13315,252.37376,1304.7303,630.8178,0.0037088243,5.398777E-4
69,1,5,0,0.91891956,1259.8291,629.75385,554.92694,405.8521,202.25903,286.75452,1266.8175,603.5404,0.006332556,4.338105E-4
70,0,0,0,0.0,0.0,0.0,0.0,0.0,0.0,721.26086,1398.5118,698.9292,0.0023664592,2.1087933E-4
71,0,19,0,0.0,0.0,0.0,290.7068,140.92935,68.97801,332.38028,860.29456,327.34988,5.1672215E-4,2.9559372E-4
72,2,0,1,0.7386122,1265.4375,632.69086,0.0,0.0,0.0,498.34634,1392.3553,694.268,0.0068200245,7.441031E-4
73,8,1,1,0.9128163,934.6602,465.88486,415.04944,203.8306,101.46024,189.83954,1308.9186,634.8659,0.006730112,0.0014535636
74,16,14,6,0.8895159,993.6637,495.49332,483.62503,85.60292,42.504707,74.94607,1253.7638,595.6403,0.0068103694,0.0022323804
75,0,0,0,0.0,0.0,0.0,0.0,0.0,0.0,221.97887,1392.6761,694.26935,0.0012375537,4.8827444E-4
76,1,1,0,1.2442226,1087.0,543.5,595.2242,372.87982,186.26897,280.85248,1316.2782,637.7983,0.006068452,4.2805693E-4
77,0,0,0,0.0,0.0,0.0,0.0,0.0,0.0,486.66644,1397.55,698.1929,0.0032556532,3.725053E-4
78,0,4,0,0.0,0.0,0.0,494.64764,385.06085,191.97202,263.50668,1264.1368,603.53204,7.199222E-4,3.987553E-4
79,1,1,0,0.27544785,1139.426,569.5671,519.5057,513.28094,256.38223,309.70792,1381.0751,686.0255,0.006886306,4.6903774E-4
80,0,32,0,0.0,0.0,0.0,421.02188,408.019,203.92908,203.17462,1266.7655,606.7661,0.0014373295,4.5933918E-4
81,13,0,4,0.9166603,1032.4724,515.3021,0.0,0.0,0.0,176.9282,1354.5085,667.24225,0.006769141,0.0016025231
82,18,15,5,0.8487581,793.55695,395.27454,277.38135,175.95575,87.72575,258.16013,966.46893,400.53873,0.0068189926,0.0016926903
83,22,9,2,0.892507,980.1658,489.58408,390.92682,138.43748,69.14556,95.8231,1221.525,576.13965,0.006824256,0.002777608
84,5,2,1,0.8516464,1115.4281,554.1354,591.32465,399.0,199.5,146.57552,1358.6362,667.8919,0.0067498833,0.0012703816
85,0,3,0,0.0,0.0,0.0,635.3464,364.35474,182.10173,310.7216,1316.8452,640.0448,6.5457914E-4,3.4235552E-4
86,6,1,2,1.0138627,809.07965,398.41824,280.15707,75.0,37.5,156.24055,1126.7057,510.46365,0.0064137224,0.001486219
87,0,1,0,0.0,0.0,0.0,560.09235,183.6692,91.6813,201.51894,1223.6205,571.63916,0.0010488577,5.8070285E-4
88,0,2,0,0.0,0.0,0.0,472.9901,220.28412,110.06584,265.50815,1390.9934,693.44403,0.0019757403,5.7476124E-4
89,76,2,24,0.86201173,845.2786,422.20224,362.3975,129.91553,64.747925,329.04968,1183.1344,541.63696,0.0068896576,0.0051756473
90,0,18,0,0.0,0.0,0.0,318.84296,125.15427,62.136963,282.1773,1005.7806,426.1156,4.3242436E-4,3.2313395E-4
91,13,2,4,0.79144394,1257.468,628.1988,490.85223,254.0359,126.90767,262.3017,1159.2576,531.82513,0.0068157315,0.001481814
92,25,0,9,0.8934633,1125.0178,560.8762,0.0,0.0,0.0,161.07558,1346.0043,660.852,0.0067018215,0.0022631322
93,80,2,25,0.7511783,800.821,400.02972,292.10358,567.7069,242.18924,269.56967,1068.5796,467.2152,0.006924687,0.0054299007
94,2,0,0,0.9192567,1293.373,646.63916,0.0,0.0,0.0,170.13321,1388.5891,692.04297,0.006563573,0.0012869602
95,0,0,0,0.0,0.0,0.0,0.0,0.0,0.0,228.44348,1349.7805,663.37396,8.7643E-4,4.714429E-4
96,0,70,0,0.0,0.0,0.0,371.5415,188.93031,94.43214,283.5461,1250.8894,595.5921,8.329921E-4,2.779929E-4
97,0,0,0,0.0,0.0,0.0,0.0,0.0,0.0,250.03412,1352.9194,666.01294,0.0014504715,5.376257E-4
98,23,31,8,0.8819292,932.49347,461.7028,456.15393,75.144035,37.303688,200.05252,1288.3329,621.00665,0.0068343305,0.00197052
99,2,0,0,0.82049465,992.77185,492.48602,0.0,0.0,0.0,242.82576,1228.3917,581.1316,0.006701472,6.692942E-4
100,9,0,1,0.7973903,1238.2527,618.9273,0.0,0.0,0.0,191.88472,1367.5806,677.12103,0.006874237,0.0014695914
