Generation,num_target,num_obs,num_robotstop,dist2obj_target,dist_target,ener_target,dist2obj_obs,dist_obs,ener_obs,dist2obj_null,dist_null,ener_null,best_loss,global_loss
1,0,17,0,0.0,0.0,0.0,411.84485,223.26178,111.20887,1524.3152,1387.0399,690.3369,2.464119E-4,9.574934E-5
2,0,23,0,0.0,0.0,0.0,452.27942,115.691536,57.554806,1438.3647,1386.8933,690.6511,1.8635439E-4,9.903822E-5
3,0,20,0,0.0,0.0,0.0,538.6774,346.45636,173.15324,1440.1323,1387.5243,691.0875,2.6232423E-4,9.9198725E-5
4,0,18,0,0.0,0.0,0.0,432.38977,203.2879,101.55939,1480.6571,1390.7738,693.61426,2.5375857E-4,9.436128E-5
5,0,13,0,0.0,0.0,0.0,581.8287,306.43048,153.05893,1539.7252,1387.5386,691.4822,2.904926E-4,8.950122E-5
6,0,8,0,0.0,0.0,0.0,612.10767,278.09457,137.0607,1599.678,1387.3196,691.049,9.014647E-4,9.163009E-5
7,0,14,0,0.0,0.0,0.0,561.80804,313.6468,156.78734,1458.2911,1361.933,673.66315,3.136561E-4,9.044856E-5
8,0,40,0,0.0,0.0,0.0,331.24313,151.58733,75.68628,1341.1827,1377.6152,684.7064,2.3881912E-4,1.3961871E-4
9,0,25,0,0.0,0.0,0.0,469.8313,142.23334,70.98674,1499.462,1391.8567,694.2368,2.5813494E-4,1.00305195E-4
10,0,14,0,0.0,0.0,0.0,436.79056,194.28642,96.97442,1609.7794,1380.7743,686.2696,2.1994402E-4,8.224063E-5
11,0,26,0,0.0,0.0,0.0,522.6038,244.09514,121.87057,1414.671,1378.7654,684.77924,3.239427E-4,1.0637505E-4
12,0,18,0,0.0,0.0,0.0,503.31918,212.01558,105.895355,1474.0646,1374.1493,681.4451,3.5972777E-4,9.883874E-5
13,0,28,0,0.0,0.0,0.0,418.90775,126.53418,63.079967,1321.6804,1359.3539,671.6475,0.0013939618,1.3050342E-4
14,0,19,0,0.0,0.0,0.0,532.6925,315.27106,157.50406,1564.5264,1387.3956,690.9852,2.6234624E-4,9.664049E-5
15,0,13,0,0.0,0.0,0.0,454.89645,209.36864,104.40904,1321.2827,1373.7019,682.0545,2.7847308E-4,9.695228E-5
16,0,28,0,0.0,0.0,0.0,432.79904,277.45187,138.44289,1376.2001,1381.9265,687.1995,2.6160563E-4,1.14026785E-4
17,1,15,0,0.8631191,983.0,491.5,404.04108,292.1807,145.93118,1486.0286,1385.218,689.02234,0.006365767,1.5746933E-4
18,2,26,0,1.2119083,964.3979,481.93054,552.88904,269.17706,134.50589,1085.3733,1350.8042,665.95807,0.0064989394,2.5948993E-4
19,0,42,0,0.0,0.0,0.0,373.90454,275.70428,137.70909,1047.0223,1381.8506,686.87823,0.0011191786,1.6724956E-4
20,2,17,2,0.6591935,941.2467,470.55975,550.9166,237.01752,118.41022,742.9634,1382.2994,687.57825,0.0066277585,3.12723E-4
21,2,55,1,1.07869,878.2307,438.9589,441.30234,194.68095,97.13597,821.2022,1381.097,687.1181,0.0066003744,3.080637E-4
22,1,15,0,0.851161,1003.0,501.5,463.26364,454.362,227.01927,926.6793,1374.7588,682.6192,0.0065025124,2.0513646E-4
23,3,20,0,0.65974206,961.06024,480.44186,311.77884,466.37387,233.02779,616.61,1367.6956,676.70636,0.006790254,4.888644E-4
24,3,38,1,0.98161125,1045.1802,522.44415,479.92178,297.67294,148.67525,664.83496,1349.4862,664.63043,0.006463269,3.587508E-4
25,18,12,4,0.92820424,1064.1204,531.8505,187.5686,1066.0734,532.8602,533.7379,1378.2131,684.66644,0.0066794385,0.0014522136
26,1,11,1,0.75963116,994.5303,497.1406,602.40356,255.06274,127.432,442.8371,1394.3854,695.98444,0.0066044787,2.8867475E-4
27,5,5,1,0.7087944,938.2692,468.94205,519.0495,448.9628,224.3741,463.2938,1399.0942,699.31305,0.006822079,5.422925E-4
28,0,35,0,0.0,0.0,0.0,485.33633,509.05658,254.30882,585.6581,1393.9479,695.5743,6.2600244E-4,2.0769505E-4
29,0,93,0,0.0,0.0,0.0,341.31726,138.85269,69.083336,423.13693,1174.4736,543.92487,3.5583723E-4,2.2193138E-4
30,1,59,0,0.46957302,1169.669,584.7237,370.42563,256.1485,127.60769,508.65836,1356.7239,668.3732,0.0067356317,2.9981605E-4
31,10,42,5,0.9102949,768.5062,383.61615,418.05054,114.40685,56.94873,419.41125,1355.4258,668.5219,0.0068468093,9.5522264E-4
32,8,16,2,0.6621151,1030.1548,514.9623,211.7633,882.9451,440.19055,534.7692,1351.9033,666.7294,0.006846922,7.636752E-4
33,4,26,0,0.8708601,859.2022,429.38696,315.28894,239.61537,119.493866,437.87326,1336.012,652.73267,0.006853224,5.5316195E-4
34,6,14,1,0.9765485,1164.6736,582.2521,258.27975,902.7109,450.9786,542.80536,1369.1818,677.2853,0.0066189882,6.468389E-4
35,0,19,0,0.0,0.0,0.0,397.45172,462.27463,230.93483,269.54193,1393.2183,695.08185,0.0021724838,5.837811E-4
36,0,11,0,0.0,0.0,0.0,83.27379,1151.5796,575.5388,389.2622,1307.4805,632.43335,7.2302273E-4,3.680522E-4
37,1,9,0,1.221302,1384.0,692.0,455.25726,440.44446,220.22223,291.16412,1392.4465,694.4132,0.0061758677,5.184015E-4
38,3,6,0,0.95521575,1261.3726,630.55707,218.4259,1219.1743,609.50616,518.933,1281.6088,616.2575,0.0065033627,7.4393785E-4
39,12,42,5,0.8379202,1007.0755,503.42642,309.84546,569.1039,284.37738,459.74326,1371.0808,680.01166,0.0068055736,0.00102763
40,1,5,0,1.2386856,1292.8512,646.14087,420.05014,679.01855,339.35165,146.80096,1399.358,699.51196,0.006212429,0.0011353643
41,0,3,0,0.0,0.0,0.0,337.77084,413.38876,206.60005,329.58743,1369.295,677.5752,4.9776136E-4,3.6471814E-4
42,0,1,0,0.0,0.0,0.0,657.7095,292.07736,145.7904,349.03592,1399.8177,699.8483,3.6368705E-4,2.812957E-4
43,0,26,0,0.0,0.0,0.0,350.5326,348.26788,173.56253,416.07382,1330.6765,649.3535,8.4516505E-4,2.7427034E-4
44,1,6,0,1.0021954,1388.0,694.0,343.9233,1072.6376,536.2313,293.3861,1398.7689,699.0374,0.006518652,8.2513824E-4
45,0,5,0,0.0,0.0,0.0,336.4399,394.94482,197.1883,259.7007,1398.9635,699.1392,8.417533E-4,4.643986E-4
46,0,6,0,0.0,0.0,0.0,366.1979,230.33559,114.948906,481.82513,1363.5459,673.1757,4.9500936E-4,2.2752871E-4
47,0,6,0,0.0,0.0,0.0,579.9746,930.74005,465.34534,392.58972,1399.5477,699.6662,8.6123036E-4,4.2884686E-4
48,0,1,0,0.0,0.0,0.0,648.4963,343.69064,170.65805,397.6868,1396.6891,697.434,4.242477E-4,2.5492694E-4
49,2,11,2,0.44100332,1099.0,549.5,356.67734,435.22403,217.59879,369.67123,1399.5708,699.63257,0.006759079,4.2214728E-4
50,0,31,0,0.0,0.0,0.0,418.8093,133.8095,66.27313,637.8995,1383.7258,688.47906,2.6196399E-4,1.7106601E-4
51,34,44,2,0.86985236,769.35693,383.46176,384.96054,92.259796,45.49818,562.4345,1356.9127,667.91254,0.006876349,0.002358119
52,7,7,3,0.833889,1234.9482,617.3867,513.87976,462.78683,231.30933,181.81439,1399.7548,699.8138,0.006774345,0.0010948078
53,28,5,8,0.9437189,1178.8105,589.1252,418.43716,592.1423,295.70422,258.5231,1398.5289,698.98987,0.006820189,0.0022175992
54,63,8,22,0.88409024,1019.54816,509.4314,184.06091,879.4673,439.38672,475.66965,1378.8746,684.53687,0.006893781,0.0042387415
55,8,2,1,0.8574407,1351.0176,675.18884,590.91174,502.05817,250.87941,130.36307,1399.2545,699.40796,0.0066535072,0.0017899455
56,52,1,16,0.8704482,1306.508,652.8431,383.50098,1371.7849,685.48206,468.7524,1396.7776,697.6355,0.006824777,0.003666284
57,0,1,0,0.0,0.0,0.0,186.88011,983.0,491.5,299.63492,1392.8113,695.0398,9.081818E-4,3.5723913E-4
58,68,0,18,0.8203399,1189.4097,594.2975,0.0,0.0,0.0,475.16727,1395.2174,696.73096,0.0068959477,0.004655698
59,0,3,0,0.0,0.0,0.0,249.65283,1181.2106,590.1532,352.90616,1398.5044,698.9154,8.946917E-4,3.3510834E-4
60,36,2,5,0.7816598,1167.4712,583.49347,277.187,744.4075,371.8938,330.07095,1397.8722,698.3209,0.0068365354,0.0026144267
61,2,3,0,0.42252588,1063.561,531.26855,366.02768,755.54395,377.3539,350.20078,1398.6553,699.018,0.0068549,4.8038442E-4
62,4,18,0,1.0303764,921.70734,460.52637,115.573395,911.8714,455.21442,505.29282,1395.9233,696.93317,0.006532009,5.5161834E-4
63,13,46,1,1.0250021,951.5468,475.57114,158.91177,1010.7336,505.05664,604.09344,1372.8038,681.3318,0.006793615,0.0011538992
64,11,1,7,1.0460172,1088.8685,544.07385,72.27794,906.0,453.0,371.34283,1397.4656,698.08765,0.0066113276,9.971248E-4
65,10,1,2,0.97465944,1051.8547,525.05896,108.998405,761.80786,379.84943,383.98468,1384.6631,689.0211,0.00664236,9.437898E-4
66,41,8,7,0.76227164,1026.8783,512.8428,117.66467,1070.5316,534.726,362.60217,1381.0026,686.0423,0.0068674437,0.0030275658
67,42,16,15,0.8265507,897.6848,448.46786,317.17426,572.5344,285.90237,408.99265,1397.8477,698.27203,0.006877101,0.002913278
68,1,2,0,0.78472805,1001.3406,500.3899,506.95868,306.65082,153.23534,391.73917,1397.3965,698.01056,0.006492987,3.6758964E-4
69,75,0,23,0.8473342,1320.0776,659.8514,0.0,0.0,0.0,593.344,1391.7347,693.5514,0.0068627317,0.0050431085
70,0,2,0,0.0,0.0,0.0,426.0328,79.65712,39.521698,481.55222,1394.7147,696.26715,3.737612E-4,2.0778891E-4
71,0,94,0,0.0,0.0,0.0,424.75656,53.42591,26.651354,1559.2379,1398.1871,698.6888,1.9124847E-4,1.7878348E-4
72,54,3,17,0.78561276,1295.3103,646.4356,335.25922,886.066,442.89023,533.15686,1340.8173,658.3741,0.0068136887,0.0037474162
73,1,31,0,1.0301323,1098.6191,548.9794,239.54195,1076.4425,537.9371,296.45056,1396.7184,697.6486,0.0064816754,4.1861448E-4
74,7,58,2,0.7876269,986.62854,493.0821,308.15692,468.9361,234.12393,477.35123,1357.4496,669.41516,0.0068406267,7.682998E-4
75,1,17,1,0.81992054,1166.9816,583.0863,361.288,905.9057,452.77167,207.82431,1389.3448,692.35095,0.0064400597,8.8074955E-4
76,0,3,0,0.0,0.0,0.0,451.32715,830.71484,413.5234,467.47412,1398.918,699.13214,0.0023960813,2.8105054E-4
77,10,54,5,0.72400284,786.62897,391.31967,326.40155,180.8382,89.97816,605.0403,1380.6084,686.21765,0.0068148947,8.7124476E-4
78,15,27,5,0.8646562,1115.6292,557.74634,229.3999,834.9887,417.38223,512.4762,1322.424,649.28296,0.0067768553,0.0012304846
79,0,1,0,0.0,0.0,0.0,285.05835,967.0,483.5,238.28053,1380.3135,686.3136,0.0014296767,7.321734E-4
80,53,5,22,0.59758174,1154.6907,577.05585,265.5685,1143.1265,571.32635,409.26108,1398.9519,699.1896,0.006850728,0.0037336447
81,2,90,1,0.5782871,862.1865,429.27972,315.74823,143.22052,71.55512,659.3253,1399.3285,699.4881,0.0067761503,3.6396476E-4
82,0,11,0,0.0,0.0,0.0,458.08966,424.91367,212.20634,433.46286,1397.32,698.06555,0.0012760364,3.3134475E-4
83,0,12,0,0.0,0.0,0.0,371.2332,329.78995,164.06589,439.68948,1396.6089,697.357,0.001534618,2.851709E-4
84,1,9,0,0.8307085,1295.9243,647.5823,482.98395,436.57495,218.07593,324.43192,1397.5708,698.2333,0.006626319,4.6669866E-4
85,4,3,1,1.0026608,990.38544,495.06824,256.52286,1212.9739,606.2904,376.6682,1398.5378,698.78033,0.0065073646,5.344121E-4
86,25,24,4,0.74690795,1230.0343,614.8803,306.94836,1082.9432,541.1965,513.4383,1397.4381,697.855,0.0068295794,0.0018513933
87,1,6,0,1.2086868,1270.0,635.0,512.8559,563.94354,281.94748,184.1648,1399.6033,699.6851,0.006437608,0.002390288
88,0,1,0,0.0,0.0,0.0,508.6189,206.31047,102.936554,341.9882,1384.7495,688.42474,3.3735647E-4,3.0398712E-4
89,0,4,0,0.0,0.0,0.0,456.81714,367.42523,183.68056,350.05286,1392.6763,695.17773,0.0019591418,3.4027998E-4
90,0,7,0,0.0,0.0,0.0,480.7757,237.02336,109.72145,641.36914,1352.9573,665.81464,2.0502639E-4,1.6544481E-4
91,0,0,0,0.0,0.0,0.0,0.0,0.0,0.0,405.29266,1387.9702,691.78094,7.950409E-4,2.9233634E-4
92,0,1,0,0.0,0.0,0.0,198.75339,1065.317,527.94617,485.02344,1264.335,604.8934,9.841402E-4,2.980157E-4
93,2,9,0,0.8882837,1210.1838,604.97687,416.57803,629.13745,314.49527,313.10104,1395.9205,697.0622,0.0066816737,5.314794E-4
94,13,6,3,0.92704654,1298.5979,649.02527,517.3942,672.72974,335.95453,214.61125,1398.5002,698.9395,0.006785718,0.0014689795
95,1,4,0,1.2080822,1328.9396,664.4406,457.9739,367.72278,183.787,366.24112,1397.3872,698.1329,0.0062673064,5.3946045E-4
96,39,7,14,0.6584912,1088.569,544.2581,334.82974,472.7393,235.84048,319.92996,1379.7443,686.08466,0.006874625,0.0029585036
97,3,4,1,0.8111925,1340.6276,670.164,547.26416,467.69843,233.8263,113.96792,1399.377,699.4989,0.0066219885,0.0024311044
98,0,2,0,0.0,0.0,0.0,428.09216,116.47151,53.94216,401.1572,1282.0131,613.22327,3.1889498E-4,2.5995524E-4
99,0,4,0,0.0,0.0,0.0,390.92688,394.5984,194.65186,392.54407,1324.417,645.6921,3.9543572E-4,2.9697875E-4
100,0,1,0,0.0,0.0,0.0,566.6157,180.0,90.0,518.36804,1399.3579,699.4932,0.0011090874,2.2296348E-4
