Generation,num_target,num_obs,num_robotstop,dist2obj_target,dist_target,ener_target,dist2obj_obs,dist_obs,ener_obs,dist2obj_null,dist_null,ener_null,best_loss,global_loss
1,1,14,1,0.53649235,1390.0,695.0,557.2313,279.64285,139.82143,1602.779,1393.9569,695.7878,0.006636009,1.4697191E-4
2,0,10,0,0.0,0.0,0.0,500.45392,339.3254,169.59412,1593.2585,1391.4857,694.18695,2.3890573E-4,8.333479E-5
3,1,4,0,1.2467709,1119.0,559.5,614.27795,312.1176,156.02565,1764.7247,1397.11,697.95,0.0064623808,1.379497E-4
4,0,9,0,0.0,0.0,0.0,630.93036,372.37863,186.11601,1624.4675,1393.6954,695.46204,4.1938186E-4,8.628032E-5
5,0,40,0,0.0,0.0,0.0,401.64786,148.68948,73.782425,1341.8704,1386.7252,690.49603,5.922619E-4,1.3271374E-4
6,1,42,0,0.76381016,715.0,357.5,418.0105,120.85833,60.259678,1325.7152,1357.1034,670.35785,0.0065691993,1.9746715E-4
7,0,43,0,0.0,0.0,0.0,334.58987,128.57257,64.073166,1213.2958,1347.7211,663.6908,3.155024E-4,1.5177291E-4
8,0,60,0,0.0,0.0,0.0,326.02942,134.22412,66.92628,1140.3171,1310.6024,637.9888,3.4105958E-4,1.8155167E-4
9,0,23,0,0.0,0.0,0.0,340.7775,137.1655,68.35853,1288.8123,1312.5604,640.95654,3.1762305E-4,1.2320624E-4
10,0,29,0,0.0,0.0,0.0,526.37195,331.79892,165.78096,1369.8815,1335.2828,653.3016,0.0018616162,1.4168757E-4
11,1,22,0,0.7016735,995.5108,497.63046,586.1675,319.80655,158.66393,1064.984,1365.4493,675.5919,0.006707882,2.1310426E-4
12,0,27,0,0.0,0.0,0.0,336.98102,149.65231,74.77148,1041.2991,1348.3811,664.3371,7.2491314E-4,1.546934E-4
13,0,21,0,0.0,0.0,0.0,454.80072,233.10156,116.449135,1294.736,1362.5195,673.32825,4.9141014E-4,1.1770506E-4
14,0,37,0,0.0,0.0,0.0,300.0781,192.31236,95.8993,972.412,1303.8043,632.6329,8.0416026E-4,1.8393113E-4
15,0,37,0,0.0,0.0,0.0,401.7165,235.90733,117.8641,1008.9112,1305.9794,635.4976,2.538614E-4,1.5122315E-4
16,1,25,1,0.733654,1096.0,548.0,527.9842,335.29413,167.53668,1218.0189,1369.9192,679.0331,0.0066630207,2.2243078E-4
17,0,56,0,0.0,0.0,0.0,395.52133,82.667984,41.2559,962.9563,1360.0829,672.8474,6.537248E-4,1.8006256E-4
18,0,21,0,0.0,0.0,0.0,594.9017,480.4349,239.9512,863.8434,1368.9703,677.9903,0.00151501,1.9925622E-4
19,4,36,2,0.9991286,829.2441,414.5536,429.98474,233.05772,116.45454,773.2128,1379.5355,685.53406,0.006499981,4.794575E-4
20,0,51,0,0.0,0.0,0.0,406.5751,431.21304,215.49002,899.6137,1326.3939,649.0774,0.0012676656,2.1341603E-4
21,1,38,1,0.70608044,918.51086,459.1305,431.5767,479.2862,239.57877,932.45435,1354.7479,667.802,0.0065285414,2.4183228E-4
22,6,31,3,0.8211209,814.76855,407.3569,396.08923,349.5384,174.64848,565.1173,1378.5594,685.0769,0.006756184,7.0840097E-4
23,0,29,0,0.0,0.0,0.0,475.11935,731.48846,365.70462,740.93634,1379.1729,685.45404,0.0013062654,2.1819817E-4
24,1,41,1,1.035799,784.0,392.0,333.03238,471.34375,235.56743,675.57623,1362.2684,674.0555,0.006568272,2.9099442E-4
25,2,47,1,0.6013074,1135.115,567.5043,374.78403,489.6872,244.7605,642.4932,1356.3344,669.88367,0.006844906,3.707165E-4
26,3,26,0,0.92985946,888.333,443.96597,339.60065,615.4632,307.42975,576.3539,1370.8414,679.2892,0.0065903463,5.077296E-4
27,3,23,1,0.8251397,988.279,494.11673,358.82736,824.7543,412.26044,456.69733,1395.0243,696.2549,0.0067787156,5.0203723E-4
28,0,23,0,0.0,0.0,0.0,403.38617,809.62115,404.4849,608.5681,1396.209,696.7496,0.0021801656,2.7174907E-4
29,8,28,1,0.8516643,985.85156,492.9152,338.4594,732.03925,365.88303,480.50192,1380.1825,686.3612,0.006734078,8.190742E-4
30,5,32,2,0.9268366,971.4349,485.65778,292.93927,679.2562,339.58102,457.2285,1396.6294,697.5845,0.006780766,6.547298E-4
31,13,28,4,0.8804505,951.2975,475.6197,250.6386,865.63837,432.73166,350.26196,1385.5922,689.82764,0.0067957,0.0011588816
32,3,38,1,0.8303496,1108.7296,554.2605,326.26587,769.8585,384.8318,495.96707,1381.8007,687.3931,0.0065642595,4.6991985E-4
33,6,11,2,1.1030612,1058.7875,529.3171,166.47095,916.2188,457.9492,415.64264,1397.9552,698.5477,0.0065377206,7.913143E-4
34,2,19,0,0.80384207,1236.7263,618.2555,347.11868,796.1611,398.01782,403.71478,1399.5428,699.663,0.0068100663,4.8673982E-4
35,6,18,3,0.78316927,1126.5776,563.20715,255.65991,600.5968,300.1787,345.18338,1398.854,699.18945,0.0068166624,7.9548894E-4
36,6,19,3,0.9775076,996.9844,498.4851,277.25006,762.69324,381.30856,419.5485,1394.0317,695.83295,0.006708651,6.781806E-4
37,6,24,3,0.78500336,996.6834,498.2871,294.99875,861.9384,430.82846,398.63037,1235.0247,584.57983,0.006765684,6.704898E-4
38,6,31,0,0.9486437,894.20703,447.03305,319.1297,536.89056,268.32956,419.1996,1360.703,672.85986,0.0068034893,7.5102726E-4
39,9,16,3,0.99954444,978.94714,489.41245,347.54877,683.80896,341.72702,315.33856,1368.6357,678.14325,0.0068312613,0.0010235973
40,4,31,2,0.86369014,1006.5,503.25,311.12216,634.7696,317.27826,519.3797,1305.4033,632.8446,0.0066954,5.166997E-4
41,8,28,3,0.8304162,990.9013,495.38962,217.30911,796.3033,398.0294,361.9156,1311.7626,638.5326,0.0069128615,8.8972977E-4
42,7,11,2,0.82168376,932.8571,466.42856,310.8613,723.80975,361.85144,406.31384,1386.455,690.5662,0.006746683,8.244382E-4
43,12,9,1,0.8910685,902.29047,451.0814,275.4139,827.0238,413.4061,352.01688,1385.2765,689.75366,0.0068289265,0.0011134455
44,5,16,2,0.8511448,1201.956,600.9608,181.88095,916.52277,458.2273,386.00854,1399.8634,699.8984,0.0066710627,6.6110084E-4
45,1,34,0,0.629817,872.0,436.0,271.1909,730.50165,365.1149,377.773,1382.6846,687.6097,0.0066792043,3.6050339E-4
46,7,45,0,1.0426886,858.57086,429.19574,152.4051,760.29236,380.00494,309.7679,1376.4214,683.0948,0.0065324525,8.2017906E-4
47,3,48,1,0.9149987,887.9212,443.8783,245.68703,680.71576,340.0648,351.03525,1260.2343,601.8678,0.0066676554,5.489387E-4
48,13,75,1,0.80741507,779.654,389.7419,285.83545,185.20427,92.4735,466.89682,1383.6166,688.697,0.0068722405,0.0011103405
49,4,26,0,0.7246566,995.4888,497.6531,267.5891,967.09235,483.4492,347.00833,1336.7582,654.9019,0.006851348,6.0634786E-4
50,6,13,1,0.8055825,932.28973,466.07217,328.94965,1004.20337,501.8112,357.45258,1396.2806,697.2675,0.0067480053,6.807323E-4
51,0,20,0,0.0,0.0,0.0,293.18344,974.7438,487.3514,386.59775,1399.0795,699.3328,0.001742924,4.0176272E-4
52,5,4,2,0.82382643,1262.8826,631.40247,327.79868,1124.7438,562.3236,529.5986,1399.8352,699.88696,0.0067076553,6.499788E-4
53,5,33,2,0.72513807,965.39276,482.62314,303.86868,617.1627,308.49255,341.4103,1399.2854,699.4498,0.0068231053,6.2725664E-4
54,1,18,0,0.7327757,1102.758,551.28735,247.92567,905.7009,452.71307,299.7215,1399.0862,699.30206,0.006610359,5.8541313E-4
55,11,17,3,0.79903907,991.176,495.51273,334.1495,557.7427,278.78278,264.4127,1399.7141,699.7781,0.0068999548,0.0011079015
56,14,8,5,0.8539833,1228.4293,614.0812,320.84955,904.92865,452.35544,302.7788,1399.63,699.74054,0.006692162,0.0013015979
57,0,9,0,0.0,0.0,0.0,209.33795,1196.5176,598.1946,248.79005,1397.625,698.35223,0.001726836,5.506344E-4
58,2,6,0,0.74694014,1288.9156,644.3638,415.66776,684.8579,342.29272,166.4682,1399.4762,699.61835,0.0067675156,0.0012818273
59,5,9,0,0.6417967,1095.5579,547.6997,278.7345,702.4408,351.0364,291.84335,1388.9943,692.58093,0.00682297,7.0850656E-4
60,1,27,0,0.9338589,844.1797,421.8742,214.35707,935.74677,467.84988,408.69632,1239.7322,585.87604,0.0064173047,3.3367795E-4
61,9,40,0,0.92769307,849.4929,424.66876,198.08731,925.3324,462.58417,353.25314,1323.0918,643.5666,0.0067596887,8.8063156E-4
62,5,57,0,1.0133994,974.5762,487.2203,298.97998,1171.9171,585.7953,365.74112,1353.3649,667.6214,0.006758095,5.9841166E-4
63,1,20,0,0.80149364,1304.7656,652.2931,304.36758,993.00916,496.4168,322.15836,1389.984,693.0554,0.0065724077,4.988694E-4
64,19,30,4,0.85982907,1057.1105,528.51483,280.91986,1164.9884,582.4297,300.61197,1390.697,693.64325,0.006739154,0.0015089571
65,2,70,1,0.8918624,900.5,450.25,319.4861,414.12274,206.95988,496.5311,1398.5739,698.82855,0.0067546167,3.5924988E-4
66,5,28,0,0.9477421,1018.33105,509.1378,193.07924,943.26117,471.47757,429.69003,1360.8014,672.2108,0.0067040008,6.2802364E-4
67,12,25,5,1.0284868,735.8377,367.8877,297.64725,971.7131,485.66104,339.26752,1387.871,691.3465,0.006661572,0.0010348574
68,2,32,1,0.66826296,1345.5,672.75,209.59956,1148.4807,574.1766,318.21436,1399.5442,699.5867,0.006747442,5.066462E-4
69,19,40,8,0.8578371,1040.6031,520.21045,271.7097,524.6311,262.18317,307.74445,1399.2871,699.3966,0.0069351424,0.0016059253
70,2,94,1,0.95929956,980.35974,489.49698,245.72174,254.32541,126.7938,382.7195,1356.8243,670.0392,0.006395896,4.2358838E-4
71,4,50,2,0.90729904,925.0789,462.47443,266.31677,671.7653,335.80948,362.7027,1335.2598,654.3931,0.006901206,5.4901873E-4
72,0,37,0,0.0,0.0,0.0,142.99068,981.8054,490.7452,244.43533,1399.5101,699.627,0.0031545672,5.48666E-4
73,5,10,1,0.9341303,1208.51,604.2204,196.02545,1052.717,526.3264,253.72534,1391.4843,694.3675,0.0067186537,8.602965E-4
74,9,11,2,0.96936214,1199.454,599.58154,181.48274,916.71606,458.23605,175.25264,1399.0916,699.31885,0.006697393,0.0012609604
75,2,78,0,0.8369298,867.0,433.5,387.0865,221.73566,110.77865,523.067,1379.4227,685.78894,0.006640966,3.4214478E-4
76,14,14,5,0.83764654,1132.7467,566.305,200.40508,884.86005,442.3596,221.10622,1399.7886,699.8188,0.006849632,0.0014163685
77,28,11,10,0.90313995,994.44403,497.05902,182.54108,774.7268,387.10733,306.0291,1399.2985,699.47144,0.0068431203,0.0021357203
78,0,4,0,0.0,0.0,0.0,337.4195,734.5469,367.0723,204.36815,1399.4985,699.6294,0.0033236023,6.418529E-4
79,6,8,2,0.67523783,1146.6301,573.15674,281.50458,709.3192,354.3787,248.9255,1398.8918,699.2005,0.0068451,8.011863E-4
80,10,1,3,0.7845832,1280.2252,640.05634,499.72693,597.6382,298.30362,215.48466,1396.5256,697.5424,0.0068875686,0.001512462
81,3,4,0,0.7149887,1037.4596,518.57166,391.1916,795.8484,396.90063,207.83745,1395.6666,696.9013,0.0068984283,7.3479913E-4
82,35,9,11,0.78625596,1205.6814,602.77856,219.52536,1003.91797,501.5121,384.67535,1398.6404,698.9611,0.00684637,0.0025837796
83,5,2,0,0.57520735,1134.8,567.4,223.6896,582.0,291.0,264.1611,1399.9506,699.9584,0.0068628257,7.558778E-4
84,0,0,0,0.0,0.0,0.0,0.0,0.0,0.0,172.87282,1399.9744,699.97955,0.0030895264,0.0010175839
85,62,3,22,0.84753495,1226.565,613.13727,280.2201,1227.1642,613.29614,248.88773,1390.864,693.6921,0.0068153306,0.0042815832
86,10,3,2,0.8682615,1037.9319,518.9425,292.13834,758.3333,379.16666,249.19383,1399.9856,699.9889,0.006737308,0.0010086341
87,35,3,7,0.9731777,1159.6335,579.6482,440.80875,803.70844,397.3477,189.10017,1399.2836,699.4672,0.006653043,0.0026842607
88,3,81,0,0.8361912,1013.1882,506.36264,417.18182,1206.0823,602.79504,564.5723,1383.1013,688.00183,0.006772514,3.9873383E-4
89,14,15,3,1.0790399,1108.6185,554.1915,389.6664,422.72858,211.16527,277.37967,1399.5509,699.62994,0.0065011885,0.0013077981
90,34,36,7,0.7543348,898.7345,449.31757,138.06267,1004.761,502.32974,506.955,1215.408,571.84705,0.006899873,0.002491741
91,1,3,0,1.2284298,1047.0,523.5,230.50916,1046.4048,523.13654,125.77773,1399.8073,699.84204,0.0061962744,8.976789E-4
92,2,4,0,1.0398912,1231.907,615.91565,238.00134,807.00903,403.32755,148.48708,1399.6677,699.6985,0.0065026316,8.055176E-4
93,0,94,0,0.0,0.0,0.0,372.54456,99.53549,49.756897,485.06494,1399.9867,699.98724,5.941171E-4,2.1222263E-4
94,8,10,3,0.97876763,1329.7075,664.7503,431.0999,606.5985,303.14603,435.35562,1398.4347,698.8625,0.006580387,0.0014674388
95,4,17,4,1.0448916,1161.3298,580.4005,431.12195,686.30286,342.99203,282.22626,1399.1991,699.36993,0.0065462976,6.181133E-4
96,23,4,8,0.8769183,1112.4027,556.1752,408.5496,539.1739,269.43985,264.884,1399.1991,699.3656,0.0068684635,0.0018512816
97,6,24,1,0.8943801,1109.0243,554.3459,423.0159,1185.9137,592.7259,478.85452,1399.2778,699.434,0.0067825173,6.0692674E-4
98,34,40,3,0.9036392,898.5205,449.10025,163.6094,956.2894,478.0088,239.70256,1324.5679,647.7374,0.00689603,0.0025225016
99,3,1,1,0.6837165,1373.5748,686.70557,181.98056,1005.5737,502.66458,152.24352,1399.6456,699.7276,0.006682926,0.0015440392
100,12,6,4,0.8236897,1267.642,633.64886,287.96707,898.62054,449.1492,194.57695,1399.117,699.3791,0.0068276133,0.0012792923
