Generation,num_target,num_obs,num_robotstop,dist2obj_target,dist_target,ener_target,dist2obj_obs,dist_obs,ener_obs,dist2obj_null,dist_null,ener_null,best_loss,global_loss
1,0,26,0,0.0,0.0,0.0,369.83737,176.60922,87.71329,1414.8312,1391.2527,694.14056,2.522838E-4,1.1206574E-4
2,0,11,0,0.0,0.0,0.0,638.0741,353.26657,176.27504,1718.1948,1393.7657,695.4617,2.1810163E-4,7.4961055E-5
3,0,13,0,0.0,0.0,0.0,535.9906,232.08202,115.95964,1417.8672,1384.2627,688.8868,5.155871E-4,9.556229E-5
4,0,19,0,0.0,0.0,0.0,504.33908,201.04672,100.405495,1576.7676,1378.4407,684.6257,1.8177678E-4,8.858997E-5
5,0,15,0,0.0,0.0,0.0,506.68564,320.74533,160.20073,1441.7256,1373.8275,681.94653,3.3306703E-4,9.46277E-5
6,0,7,0,0.0,0.0,0.0,491.09668,291.4283,145.62022,1587.6726,1391.7705,694.3391,3.2923988E-4,7.983479E-5
7,0,50,0,0.0,0.0,0.0,333.13367,64.37923,32.11325,1473.7225,1384.6683,689.94336,2.6584032E-4,1.4745565E-4
8,0,17,0,0.0,0.0,0.0,580.37006,318.73828,159.32466,1343.2773,1398.4374,698.8434,6.403943E-4,1.0838969E-4
9,0,16,0,0.0,0.0,0.0,588.3929,314.8842,157.42339,1262.6199,1391.7576,693.6917,3.572734E-4,1.1318153E-4
10,0,23,0,0.0,0.0,0.0,420.28784,180.51128,89.50608,1505.7456,1368.6018,677.6953,2.9183173E-4,1.0214476E-4
11,0,33,0,0.0,0.0,0.0,493.09125,257.82297,128.8279,1480.4506,1374.8324,681.9915,3.9446008E-4,1.1410579E-4
12,0,37,0,0.0,0.0,0.0,408.33618,201.12347,100.49913,1337.0613,1383.4626,688.4496,4.1793348E-4,1.2801825E-4
13,0,23,0,0.0,0.0,0.0,364.5248,219.93045,109.85675,1468.9164,1387.2434,690.4297,2.5944016E-4,1.0722487E-4
14,0,18,0,0.0,0.0,0.0,584.1521,311.99323,155.89044,1572.726,1386.3615,690.04004,7.718178E-4,9.5341784E-5
15,0,22,0,0.0,0.0,0.0,564.2115,307.8528,153.75616,1381.3967,1366.3472,676.02167,3.2697813E-4,1.0123398E-4
16,0,14,0,0.0,0.0,0.0,581.5334,318.2419,159.06001,1403.5168,1359.8077,671.7011,6.324598E-4,1.0457771E-4
17,0,13,0,0.0,0.0,0.0,506.13672,208.33162,104.04625,1425.4384,1370.9612,679.2202,3.5509854E-4,9.684015E-5
18,0,30,0,0.0,0.0,0.0,446.5228,224.16557,111.980515,1227.8932,1370.573,679.3119,6.0601736E-4,1.302475E-4
19,0,21,0,0.0,0.0,0.0,523.5639,280.71826,140.28261,1497.6727,1381.3401,686.4418,4.0172506E-4,1.0185635E-4
20,0,19,0,0.0,0.0,0.0,514.49365,252.99083,126.28281,1429.5251,1380.5516,685.8887,2.2307702E-4,9.720429E-5
21,0,47,0,0.0,0.0,0.0,347.28558,167.1548,83.50314,1265.676,1360.5142,672.20667,2.645422E-4,1.5187987E-4
22,0,63,0,0.0,0.0,0.0,335.14813,122.243286,60.866074,1251.2555,1332.5027,653.5719,2.79999E-4,1.7942743E-4
23,0,6,0,0.0,0.0,0.0,537.8261,383.39893,191.625,1699.5602,1388.2554,691.651,2.641128E-4,7.371434E-5
24,0,26,0,0.0,0.0,0.0,411.91812,124.78606,62.221306,1295.3772,1358.4066,670.97046,2.7453894E-4,1.1549294E-4
25,0,50,0,0.0,0.0,0.0,332.0727,86.7306,43.2418,1181.9585,1367.624,677.4403,3.2165812E-4,1.6421531E-4
26,0,21,0,0.0,0.0,0.0,450.52878,247.20236,123.40055,1399.9196,1357.532,669.72974,6.521156E-4,1.10254E-4
27,1,21,0,0.77098274,1103.0,551.5,616.519,331.22357,165.32751,1428.0311,1364.8759,675.89307,0.006539785,1.7325036E-4
28,0,12,0,0.0,0.0,0.0,543.219,223.339,111.56046,1606.7476,1367.7798,677.0821,5.850285E-4,8.515485E-5
29,0,33,0,0.0,0.0,0.0,333.22296,162.51302,81.16749,1331.6621,1343.9291,661.51276,3.5411774E-4,1.3192293E-4
30,0,26,0,0.0,0.0,0.0,624.1244,351.9526,175.88077,1501.9991,1363.7272,674.70526,4.722843E-4,1.01954734E-4
31,1,22,0,0.99772835,814.3756,406.83777,488.17276,208.47878,104.12532,1187.5209,1361.8118,673.236,0.0064373477,1.9064637E-4
32,1,23,0,0.81109715,1091.571,545.6384,593.9699,337.05545,168.47577,1046.2103,1370.967,679.6275,0.0065306993,2.2784798E-4
33,0,27,0,0.0,0.0,0.0,318.79474,133.40416,66.63456,1589.1245,1397.1743,697.8948,2.3775699E-4,1.0959275E-4
34,0,17,0,0.0,0.0,0.0,542.5831,257.1705,128.44238,1485.8224,1382.4731,688.1804,3.4239897E-4,8.970467E-5
35,0,8,0,0.0,0.0,0.0,536.2093,365.84824,182.7554,1519.1592,1370.1991,679.20996,3.311724E-4,8.663251E-5
36,0,30,0,0.0,0.0,0.0,396.42468,82.27198,40.984592,1380.3118,1372.6641,680.91547,0.0017327161,1.3312383E-4
37,0,16,0,0.0,0.0,0.0,594.32935,386.5012,192.76451,1449.9052,1373.4952,681.2298,0.0010796401,1.0817518E-4
38,0,15,0,0.0,0.0,0.0,609.6082,390.26523,194.96216,1527.6261,1377.2484,684.0073,3.2368355E-4,9.513479E-5
39,0,32,0,0.0,0.0,0.0,404.02106,187.02487,93.33696,1393.1458,1379.5278,685.4067,2.40705E-4,1.1791698E-4
40,0,39,0,0.0,0.0,0.0,368.03967,107.12092,53.451504,1454.0192,1372.8491,681.3357,2.7341835E-4,1.277561E-4
41,0,39,0,0.0,0.0,0.0,468.17764,231.375,115.495346,1486.3002,1357.9312,670.31384,2.1261827E-4,1.13361355E-4
42,0,23,0,0.0,0.0,0.0,532.809,371.7451,184.84677,1465.375,1371.6594,680.25745,3.5473643E-4,1.0406336E-4
43,0,29,0,0.0,0.0,0.0,524.0338,312.36395,156.09502,1278.5808,1372.194,680.16656,0.0014221304,1.498728E-4
44,1,34,1,0.693553,898.6538,449.18604,470.3212,432.96716,216.34683,1274.5453,1386.3228,690.3625,0.00657077,1.9710092E-4
45,0,28,0,0.0,0.0,0.0,491.60107,194.08604,96.78834,1341.695,1364.9714,675.2779,2.3988531E-4,1.1281218E-4
46,7,26,5,1.0846685,1174.1233,587.004,478.19257,359.0552,179.37851,1029.655,1323.4089,645.7965,0.006443455,6.504791E-4
47,1,73,1,0.62261105,991.3312,495.24762,591.9867,248.69644,123.998825,887.1786,1336.3892,655.38995,0.006625617,2.1525561E-4
48,0,39,0,0.0,0.0,0.0,613.64966,355.85712,177.83395,919.91833,1380.0767,686.11,4.2606657E-4,1.5484898E-4
49,1,54,1,1.1616383,999.75366,499.784,394.36465,121.73189,60.585712,985.3337,1278.3883,613.5544,0.0061255195,2.6409503E-4
50,0,60,0,0.0,0.0,0.0,435.32407,125.86802,62.791195,1046.1769,1339.3718,658.2533,0.0013757129,1.6903586E-4
51,0,30,0,0.0,0.0,0.0,600.95526,331.70117,165.57487,1058.2577,1344.3405,662.14386,0.001066772,1.4290695E-4
52,0,46,0,0.0,0.0,0.0,478.26617,241.51872,120.61719,963.2017,1358.8823,670.5191,2.6048292E-4,1.460431E-4
53,0,26,0,0.0,0.0,0.0,484.76447,353.53815,176.3945,1101.1206,1342.4648,658.8767,0.0012836455,1.5941143E-4
54,0,57,0,0.0,0.0,0.0,444.61664,241.43253,120.592514,876.43176,1298.8121,628.93195,3.0641654E-4,1.6461842E-4
55,0,18,0,0.0,0.0,0.0,491.5734,509.63406,254.28163,1065.5297,1347.4786,662.96735,6.254443E-4,1.4549177E-4
56,0,77,0,0.0,0.0,0.0,381.25638,138.74385,69.32536,1144.6045,1381.1575,686.3434,6.483742E-4,1.8264052E-4
57,0,33,0,0.0,0.0,0.0,596.6175,386.75348,193.28798,596.5787,1396.8738,697.67426,0.0020353242,2.5303126E-4
58,0,64,0,0.0,0.0,0.0,400.08362,151.53929,75.411705,765.5494,1234.5856,586.4009,0.0013010275,1.9202253E-4
59,0,28,0,0.0,0.0,0.0,541.61096,414.232,206.67587,986.4016,1312.7524,639.0655,5.254192E-4,1.4171707E-4
60,0,39,0,0.0,0.0,0.0,522.7521,341.1855,170.1367,1018.5732,1306.7683,634.3523,3.2973883E-4,1.3297616E-4
61,0,52,0,0.0,0.0,0.0,460.1397,322.492,161.06657,642.24744,1332.0905,652.55597,7.332615E-4,1.8890474E-4
62,0,87,0,0.0,0.0,0.0,328.1979,99.15509,49.525246,908.3528,1328.3003,647.54974,3.7236753E-4,2.1609405E-4
63,0,22,0,0.0,0.0,0.0,542.5972,530.02344,264.6605,1099.9398,1296.5529,627.4315,8.493772E-4,1.33783E-4
64,0,50,0,0.0,0.0,0.0,461.3996,251.96959,125.865555,958.5504,1347.038,663.682,0.0012424221,1.6539032E-4
65,1,43,0,0.75324154,805.5859,402.67163,480.86365,264.96613,132.41637,637.4349,1368.6212,677.9717,0.0065302243,2.5703356E-4
66,1,37,0,1.2267971,927.83154,463.8457,486.731,353.56772,176.58638,883.8474,1365.6957,676.121,0.0064292955,2.7507838E-4
67,1,46,0,0.35566902,1086.8068,543.32544,502.6872,444.93634,222.31761,921.24695,1353.9352,667.5374,0.006829108,2.3336084E-4
68,1,72,0,0.48380947,829.4029,414.3677,354.4704,161.22725,80.483,708.6812,1331.08,651.32153,0.006820263,2.917192E-4
69,0,91,0,0.0,0.0,0.0,413.7104,75.92958,37.89878,988.989,1353.188,667.318,4.2567874E-4,1.8366327E-4
70,0,54,0,0.0,0.0,0.0,556.8403,279.31473,139.58902,596.3293,1384.2864,689.0416,7.2794757E-4,1.7813682E-4
71,1,16,0,0.9263334,818.4076,408.99634,400.93567,417.56882,208.1401,618.3254,1358.8135,671.2462,0.0064821676,2.6489949E-4
72,6,45,2,0.92845154,1070.7423,535.33563,304.91403,374.28204,186.92316,662.3785,1343.8473,659.92957,0.0068404446,6.073986E-4
73,0,80,0,0.0,0.0,0.0,464.04044,190.32368,95.09801,547.6632,1385.4309,689.66736,4.3277745E-4,1.8417629E-4
74,5,15,1,0.8823597,804.1799,402.01047,330.63562,479.44534,239.62086,475.29266,1392.3418,694.3799,0.006668362,5.67287E-4
75,1,80,1,1.2149734,840.0633,419.73413,363.388,221.699,110.703674,491.93967,1302.3656,628.3323,0.0063066473,2.9309024E-4
76,2,19,1,1.0659933,1299.3279,649.5928,459.34467,381.4026,190.33305,638.0844,1368.8512,678.3473,0.0064071,3.6418927E-4
77,2,28,0,0.79941225,1172.3192,586.0857,555.5047,362.22873,181.09488,425.80472,1387.7378,691.58765,0.006619188,3.6778845E-4
78,0,23,0,0.0,0.0,0.0,524.36975,517.88586,258.20566,794.74207,1106.6965,505.22464,0.0017596097,1.7602688E-4
79,2,34,0,0.97675323,899.605,449.66205,341.8461,464.66934,231.76738,626.61835,1182.5541,553.4204,0.0066949115,3.901237E-4
80,0,44,0,0.0,0.0,0.0,387.3153,654.37146,326.65735,489.6052,1282.7115,620.3787,0.0014199297,2.816143E-4
81,3,30,0,0.628253,848.6579,424.24146,264.07745,679.97284,338.59158,530.0851,1305.4308,632.3075,0.0067631775,4.8466568E-4
82,0,33,0,0.0,0.0,0.0,477.36893,704.4207,352.02988,542.74274,1369.347,678.765,0.0034080467,2.8400478E-4
83,4,24,3,0.85354924,951.48706,475.54034,335.2626,324.3017,162.07655,497.17172,1364.9077,675.3041,0.0066750553,5.5918633E-4
84,2,44,0,1.137722,707.85596,353.8767,178.03664,610.8798,305.30853,613.40045,1326.317,647.1841,0.0063397936,4.7141663E-4
85,2,66,0,0.8039613,853.5089,426.6137,185.47725,442.93008,221.30058,482.46906,1272.5652,612.19507,0.0066775563,5.438205E-4
86,2,50,0,0.67922115,973.27045,486.57233,440.55032,224.08762,111.955986,507.51224,1388.8531,691.78033,0.006806379,3.8317888E-4
87,8,10,2,0.8966783,1205.3877,602.59595,425.1375,593.1642,296.06107,333.34555,1387.8145,691.2869,0.0067014364,0.0010662642
88,1,60,0,1.1900845,739.72046,369.66272,305.29147,243.8776,121.86187,534.17957,1159.738,539.7371,0.0064421394,3.298212E-4
89,0,92,0,0.0,0.0,0.0,340.3588,154.81625,77.288666,801.2705,1276.2017,617.4788,2.2411857E-4,2.1393811E-4
90,0,66,0,0.0,0.0,0.0,523.11035,300.2699,149.99715,1045.0133,1282.9816,618.8336,0.0014971031,1.6590189E-4
91,0,36,0,0.0,0.0,0.0,511.25842,620.4918,309.86096,826.41956,1215.9891,579.34436,6.312882E-4,1.7339052E-4
92,10,12,1,0.9402974,813.94135,406.91693,273.95398,568.51904,283.8425,637.4237,1346.8132,662.8069,0.0068418314,8.369532E-4
93,0,51,0,0.0,0.0,0.0,576.31305,348.01364,173.96008,399.32953,1399.9069,699.9255,4.964238E-4,2.1131668E-4
94,0,56,0,0.0,0.0,0.0,411.08344,808.43866,403.83212,729.2525,1125.0483,517.6282,5.181704E-4,1.862536E-4
95,0,32,0,0.0,0.0,0.0,494.60184,470.66772,234.36981,955.5213,1263.0126,603.4311,0.002060231,1.7633557E-4
96,1,66,0,0.60921764,825.1384,412.36002,384.23575,275.54404,137.55537,582.7686,1276.0558,615.27246,0.0066374475,3.0970923E-4
97,2,32,2,0.78870296,1112.0645,555.8911,358.71307,824.6497,411.79492,684.52856,1300.7021,630.3014,0.006707347,3.4422072E-4
98,9,31,2,0.82525104,830.741,415.29102,252.90775,464.30893,231.78513,560.2716,1305.8293,633.7073,0.006902911,8.11274E-4
99,2,34,0,0.7692604,1007.5,503.75,547.5751,349.85892,174.89047,420.98123,1397.0465,697.76495,0.006727327,3.5812857E-4
100,3,6,2,1.0044333,921.2048,460.3956,415.08627,449.7499,224.31169,674.2381,1374.0919,681.1206,0.006692395,4.009002E-4
