Generation,num_target,num_obs,num_robotstop,dist2obj_target,dist_target,ener_target,dist2obj_obs,dist_obs,ener_obs,dist2obj_null,dist_null,ener_null,best_loss,global_loss
1,0,21,0,0.0,0.0,0.0,510.26694,238.42813,119.0138,1585.1342,1391.9633,694.1353,7.801796E-4,9.634458E-5
2,0,14,0,0.0,0.0,0.0,579.1159,243.40921,121.61051,1342.4504,1394.3749,695.91003,2.746393E-4,9.722206E-5
3,0,40,0,0.0,0.0,0.0,338.77066,171.71799,85.7724,1434.7205,1387.2478,691.4403,8.0261513E-4,1.3960902E-4
4,1,13,0,1.181118,867.66956,433.72415,429.69858,253.5268,126.67674,1526.6265,1399.4199,699.53235,0.006413829,1.6417596E-4
5,0,9,0,0.0,0.0,0.0,631.8124,380.1178,189.81123,1329.1714,1388.0834,691.4275,0.0022979954,1.5960966E-4
6,5,22,3,0.80365884,1105.2172,552.56177,447.56784,224.22704,112.01319,901.19305,1380.5625,685.70776,0.0068136123,6.328561E-4
7,8,13,3,0.9627899,962.76624,481.24976,427.50143,571.7276,285.6948,626.8022,1388.5839,691.913,0.0068915896,7.304917E-4
8,0,3,0,0.0,0.0,0.0,517.9769,379.4153,189.44225,693.15405,1392.5598,694.8121,9.792725E-4,1.9229986E-4
9,13,19,2,0.91712576,748.12335,373.91205,365.8097,504.41968,252.02089,771.67773,1395.597,696.5532,0.0068861204,9.866762E-4
10,3,18,1,1.0882314,926.5433,462.99698,305.49634,482.75385,241.1181,382.67584,1371.8951,680.5011,0.006609718,5.3833675E-4
11,0,10,0,0.0,0.0,0.0,348.90436,405.65427,202.64897,567.6215,1398.808,699.0456,8.8065E-4,2.0372559E-4
12,6,11,0,0.77373475,975.0661,487.49854,516.5476,346.6506,173.21141,550.86066,1399.4508,699.5441,0.0068509174,5.776893E-4
13,11,23,4,0.88044,995.4316,497.65216,519.2095,501.6747,250.75742,453.05203,1393.3722,695.283,0.0068313596,9.807865E-4
14,7,12,2,0.8790135,1151.509,575.6583,599.23566,427.07883,213.23029,333.25803,1397.221,698.0434,0.006817114,7.71866E-4
15,4,3,0,0.7485781,1161.3965,580.6571,391.79758,695.749,347.65036,452.048,1375.6187,682.64703,0.006768079,6.021617E-4
16,1,32,0,0.9162159,1035.0,517.5,487.9152,437.19833,218.58076,525.01,1398.7224,699.1004,0.0065118694,2.6985785E-4
17,6,11,1,0.70955104,1128.5392,564.22955,512.12085,675.9182,337.8391,478.08524,1393.5616,695.125,0.006787861,6.429431E-4
18,5,32,1,0.98939687,861.03436,430.03354,363.97818,275.4234,137.59789,384.365,1387.1711,690.6126,0.0065824604,5.814919E-4
19,3,25,0,0.7908309,1078.0059,538.89667,528.9335,346.16187,173.01616,494.1875,1367.7972,678.4741,0.006654116,4.5151848E-4
20,4,33,2,0.908556,793.64276,396.109,353.88068,273.0627,136.40938,365.1968,1379.9656,685.7163,0.0068325307,6.3629827E-4
21,23,23,8,0.7434903,930.2461,464.90372,309.77692,239.05528,119.33311,325.90015,1387.7693,691.086,0.0068535353,0.0018451526
22,16,11,4,0.9799139,985.7219,492.74637,303.97864,367.40646,183.25946,494.80603,1291.6508,625.9421,0.006774244,0.0012464769
23,13,4,3,0.89808613,868.1829,434.01324,342.83066,309.38748,154.49818,297.98145,1357.3164,670.1663,0.0067974823,0.0012407756
24,6,2,2,0.8342018,1087.0428,543.48254,360.34106,403.3962,201.6517,494.44846,1398.7285,698.99536,0.0068485555,6.546119E-4
25,10,9,0,0.8421315,907.984,453.79388,310.92856,489.36475,244.11638,324.69507,1397.5005,698.1297,0.006920294,0.0010126729
26,3,9,0,1.0885996,1302.3334,651.1667,249.81853,679.4235,339.21512,547.973,1380.6438,686.1762,0.0065163355,4.4755026E-4
27,2,2,0,0.94878817,1118.3833,559.1469,431.44305,470.5,235.25,532.2412,1399.2407,699.3829,0.0065806694,4.851072E-4
28,3,6,0,0.89198685,1087.1958,543.5575,432.22018,557.96857,278.54758,361.92673,1381.1436,686.70764,0.0066340296,5.4675975E-4
29,6,19,1,0.74193734,916.6353,458.16245,318.08017,346.03506,172.89017,418.60864,1384.9581,689.0429,0.0068722866,7.284219E-4
30,13,8,4,0.7915129,901.561,450.67856,299.4584,554.2063,276.91705,318.59927,1389.8853,692.7397,0.0068657044,0.0012263149
31,2,4,1,1.1593189,1324.4487,662.2014,444.4854,707.28705,353.46472,345.5064,1398.6653,698.9157,0.00642743,6.10786E-4
32,7,7,2,0.8309905,929.8571,464.92856,309.57855,693.1738,346.14078,310.71844,1312.6399,638.8166,0.0068735466,0.0010980417
33,2,1,0,0.8023691,1232.7887,616.3334,590.4731,233.72336,116.37074,300.29642,1345.0789,661.45294,0.006541941,5.342243E-4
34,22,17,7,0.8335195,856.7841,428.08203,243.54248,523.7924,260.6748,474.78113,1271.7103,612.06647,0.0069142254,0.0016487533
35,3,2,0,1.104489,1090.3173,545.0058,352.55518,594.43823,295.01862,313.4348,1345.4263,661.44586,0.0065083215,6.4812397E-4
36,6,25,0,0.9123934,860.7485,429.7908,384.99814,204.34195,101.916885,235.34962,1327.7269,649.36206,0.0067088674,9.3961763E-4
37,8,5,4,0.7651799,964.9197,482.3666,480.4249,207.53569,103.6937,228.38614,1337.709,655.1738,0.0068267165,0.0011572349
38,0,0,0,0.0,0.0,0.0,0.0,0.0,0.0,430.1568,1387.8875,691.62286,5.719036E-4,2.8921003E-4
39,37,5,19,0.8779541,1019.91724,509.00766,385.77963,452.3194,226.10489,259.9289,1337.1676,656.64575,0.0069210296,0.0030532116
40,0,1,0,0.0,0.0,0.0,588.95416,270.0,135.0,242.25716,1363.877,674.2931,0.0022997404,5.051674E-4
41,7,0,0,0.7638479,1057.4286,528.6777,0.0,0.0,0.0,393.03992,1395.3235,696.8014,0.0068504973,7.457515E-4
42,8,2,2,0.80648744,1114.1774,557.0474,481.1947,204.5,102.25,268.66724,1335.5309,655.0982,0.006777664,9.882797E-4
43,12,1,3,0.80104923,1259.4646,629.62366,339.9109,1354.0226,676.76434,266.1153,1364.4563,675.1805,0.006829421,0.0013527864
44,9,11,2,0.91095185,818.6625,409.11066,360.11282,399.52805,196.07768,470.73178,1360.8616,671.91064,0.0067341384,7.9406716E-4
45,22,26,9,0.86783445,818.6209,409.0968,361.15906,312.88757,156.33307,431.79352,1375.7383,682.2754,0.006771315,0.0016925667
46,1,1,0,0.67181015,1390.0487,694.7896,284.6351,642.0239,320.7912,218.4262,1395.6045,696.8361,0.006662554,9.195113E-4
47,5,1,1,0.8399124,1133.0574,566.2976,522.13165,338.7798,169.118,269.09756,1387.3457,690.8713,0.006829135,7.151342E-4
48,14,30,2,0.9213297,763.75775,381.7292,370.23904,228.32295,113.95431,285.847,1337.9144,655.2758,0.006754925,0.0012899226
49,6,21,0,0.7595544,854.5595,427.0422,356.3858,293.5272,146.5324,423.7222,1383.247,687.49884,0.0068623954,7.109046E-4
50,18,3,7,0.84041774,957.25793,477.9728,415.15964,171.43361,85.47266,273.14023,1365.1781,675.4871,0.006867995,0.0015949623
51,40,10,14,0.8817407,978.8153,489.15582,144.77579,1050.2036,524.4452,334.60083,1367.4832,676.7957,0.006867659,0.0029005155
52,6,2,1,0.9201687,1192.0247,595.696,231.13757,688.3669,343.95663,320.1998,1388.3732,691.7603,0.006749381,8.1523135E-4
53,3,18,1,1.0573708,1058.2235,528.995,525.7438,410.77777,205.38889,421.84152,1393.112,694.7978,0.006442182,4.2101965E-4
54,20,2,8,0.9324626,1130.737,565.3429,365.07477,643.5,321.75,341.5037,1389.7711,692.7143,0.0067470707,0.0016374977
55,24,7,11,0.7836301,973.618,486.6416,230.65964,546.07684,266.62726,431.5952,1391.6136,694.12225,0.0068530496,0.0017831279
56,13,18,4,0.7952964,1075.7814,537.8332,358.58612,888.7999,443.38284,294.16882,1376.4229,683.13525,0.0068403017,0.0012005643
57,6,55,2,1.1767864,922.14825,458.67093,342.84967,269.78174,134.69405,372.8095,1352.8434,665.3629,0.006435292,6.776114E-4
58,26,12,7,0.8456981,876.3635,436.65393,297.63678,925.30743,461.9846,293.47946,1321.883,644.00226,0.0067990534,0.0020982798
59,6,2,1,0.87734985,1340.5409,670.21356,270.46774,653.2291,325.46814,339.16275,1390.3406,693.3826,0.0067150216,8.0618315E-4
60,11,8,3,0.77726895,914.00446,456.97025,204.81238,464.50226,232.17242,347.10043,1395.302,696.4133,0.006787472,0.0010387653
61,20,10,11,0.857289,890.4813,445.00824,276.1414,516.0062,257.3606,396.01035,1390.2454,693.39795,0.0068233255,0.0015716027
62,41,20,11,0.86883515,883.7295,438.4983,314.902,229.58296,114.75879,204.72076,1327.6567,648.8024,0.006838149,0.0030463273
63,5,1,0,0.91941243,1086.3531,543.046,613.67017,247.64992,123.68844,302.51733,1399.5907,699.6668,0.0067524794,6.8591477E-4
64,13,2,6,0.8157791,1119.2603,559.44476,477.35553,329.5,164.75,310.70032,1398.9254,699.1749,0.006865201,0.0012612151
65,5,2,2,0.79740334,1331.0668,665.40283,415.2317,851.5877,425.6624,237.37216,1399.4144,699.57526,0.0067720464,0.0010485355
66,15,6,1,0.8005854,903.24615,451.29303,284.86914,530.64575,264.18497,473.02115,1390.7981,693.3895,0.006835809,0.0012033215
67,13,5,3,0.9495731,1130.9855,565.3849,334.3342,302.12674,150.93497,306.81705,1361.1898,672.93616,0.006731297,0.0013969803
68,15,2,7,0.84013724,1169.3865,584.60223,388.16284,501.74762,250.47462,243.74423,1398.5479,698.8191,0.0067729685,0.00144126
69,7,11,0,0.9906291,868.7315,434.25284,267.41934,565.671,280.14896,390.1417,1389.8464,693.0575,0.006649153,7.098169E-4
70,9,31,2,0.88846153,925.38605,462.42188,471.3641,348.75095,174.15509,404.06436,1369.7832,678.1445,0.0068384036,8.050941E-4
71,18,21,2,1.0932758,990.01825,487.3946,272.21298,805.9405,402.60992,259.6838,1362.1986,672.5861,0.0065252623,0.0018276353
72,14,2,3,0.7903234,1277.726,638.825,399.83066,338.59656,169.08707,256.13403,1396.2018,697.2849,0.006750466,0.0014258438
73,14,7,5,0.904796,1122.276,561.05975,529.3799,285.81073,142.79892,369.2764,1399.3119,699.4784,0.006786131,0.0011635972
74,15,1,3,0.94980156,1298.365,649.0554,614.8148,338.80133,169.32106,207.40181,1399.4182,699.56067,0.0068140463,0.001957922
75,27,3,12,0.83411574,1133.0931,566.40906,325.04578,700.6872,350.21048,287.52884,1397.53,697.95435,0.0068730866,0.0022006
76,4,65,1,0.66351914,957.001,478.19025,416.44043,302.63425,151.08623,472.1391,1398.5443,698.8676,0.0067352876,4.652401E-4
77,3,6,0,0.87822944,715.6145,357.78354,138.9424,676.8366,338.35532,437.81567,1398.1337,698.6843,0.0069148387,4.4417902E-4
78,49,27,14,0.7772667,809.05566,404.2465,270.85623,524.73157,262.10815,524.7654,1265.4996,604.4154,0.006903361,0.003471709
79,5,2,0,0.90838355,1300.7098,650.2063,317.72546,738.35474,368.40466,259.24487,1399.3336,699.4779,0.0065900474,8.686507E-4
80,4,1,0,0.74570584,1281.7279,640.78577,613.83264,319.0,159.5,298.44592,1399.5259,699.6023,0.006795902,9.2995295E-4
81,29,4,5,0.9908351,1254.7784,626.3306,296.67316,472.776,236.2008,326.3618,1380.2955,685.1546,0.006729102,0.0022115093
82,1,0,0,0.9319143,931.00476,459.3723,0.0,0.0,0.0,193.93492,1387.776,691.0037,0.006523487,8.0645795E-4
83,12,3,5,0.9271048,1125.4381,562.6811,278.45737,823.4404,411.26782,200.43532,1397.3038,697.8344,0.0067286706,0.0023822293
84,7,16,0,1.0262797,953.6628,472.8336,286.62106,446.05005,222.715,429.43866,1381.9342,687.0824,0.006749156,6.961616E-4
85,0,0,0,0.0,0.0,0.0,0.0,0.0,0.0,331.311,1399.9153,699.9341,0.0014202341,3.7512986E-4
86,1,0,0,1.0181255,1350.7546,675.2848,0.0,0.0,0.0,206.00558,1399.6448,699.6958,0.006498942,7.8514E-4
87,4,17,0,0.91448426,863.02155,430.92343,301.31473,350.62735,173.95499,152.61475,1207.891,567.01996,0.0067469305,8.9111633E-4
88,10,10,2,0.8955199,1230.55,615.21545,500.0922,590.6869,295.31104,330.46332,1399.467,699.5663,0.006716156,9.901061E-4
89,17,6,6,0.73334813,1176.3451,588.1245,303.05737,637.8326,315.943,376.8087,1396.8654,697.7195,0.006892771,0.0014419046
90,15,2,6,0.81564724,1197.3558,598.6018,412.18884,513.98846,256.9886,200.36789,1399.0985,699.27057,0.0068537095,0.0016372812
91,1,1,0,0.6529379,1000.5173,500.12244,222.68068,714.5607,357.09055,347.53323,1394.813,696.17377,0.0067269583,4.060871E-4
92,17,4,7,0.8594133,1311.5271,655.6743,264.6236,785.26605,392.18365,257.3338,1396.8274,697.54596,0.006774008,0.0017249469
93,28,2,6,0.7990727,942.5903,471.20706,304.33347,497.0,248.5,351.5209,1399.6637,699.74506,0.0068848957,0.0020953603
94,15,33,5,0.7989521,969.05145,484.4236,469.40836,297.08304,148.41093,485.1069,1382.063,687.45483,0.0069014844,0.001161106
95,6,0,2,0.87716943,1266.3334,633.1667,0.0,0.0,0.0,148.43251,1398.0588,698.4597,0.006671,0.0016007536
96,6,5,0,0.9298156,1289.1451,644.5632,547.2447,526.6,263.3,190.6958,1399.9075,699.93176,0.0068025133,0.0010829936
97,3,3,1,0.91846496,1321.8776,660.9001,464.09695,250.66667,125.333336,106.043396,1205.5785,562.63586,0.006406296,0.0012525092
98,24,3,6,0.9341395,1102.7395,551.1048,183.74646,677.009,338.29944,259.2925,1388.2369,691.8692,0.0066796653,0.0020076742
99,0,9,0,0.0,0.0,0.0,306.4168,767.00555,382.64536,162.4634,1221.8677,571.4614,0.0024958244,9.474598E-4
100,6,4,0,0.74913234,1297.8176,648.83765,506.7568,493.64447,246.73776,283.34003,1399.616,699.6968,0.0068057426,0.0010422358
